variableStep  chrom=chr2L span=1
21163512 105
21163513 97
21163514 97
21163515 97
21163516 97
21163517 95
21163518 94
21163519 79
21163520 75
21163521 74
21163522 73
21163523 72
21163524 72
21163525 72
21163526 71
21163527 68
21163528 68
21163529 68
21163530 68
21163531 68
21163532 68
21163533 68
21163534 68
21163535 68
21163536 68
21163537 68
21163538 68
21163539 66
21163540 55
21163541 53
21163542 53
21163543 53
21163544 53
21163545 53
21163546 50
21163547 50
21163548 50
21163549 50
21163550 50
21163551 18
21163552 9
21163553 9
21163554 9
21163555 9
21163556 9
21163557 9
21163558 9
21163559 9
21163560 4
21163561 3
21163562 3
21163563 4
21163564 7
21163565 7
21163566 7
21163567 7
21163568 7
21163569 7
21163570 7
21163571 7
21163572 7
21163573 11
21163574 17
21163575 17
21163576 17
21163577 17
21163578 16
21163579 16
21163580 16
21163581 16
21163582 16
21163583 16
21163584 16
21163585 16
21163586 16
21163587 17
21163588 26
21163589 32
21163590 35
21163591 35
21163592 36
21163593 36
21163594 35
21163595 65
21163596 65
21163597 65
21163598 65
21163599 70
21163600 70
21163601 70
21163602 75
21163603 75
21163604 75
21163605 76
21163606 76
21163607 76
21163608 69
21163609 70
21163610 69
21163611 69
21163612 69
21163613 69
21163614 75
21163615 75
21163616 110
21163617 109
21163618 109
21163619 123
21163620 123
21163621 123
21163622 119
21163623 122
21163624 122
21163625 121
21163626 119
21163627 120
21163628 120
21163629 120
21163630 120
21163631 120
21163632 115
21163633 96
21163634 93
21163635 94
21163636 93
21163637 93
21163638 94
21163639 93
21163640 96
21163641 95
21163642 92
21163643 92
21163644 91
21163645 92
21163646 87
21163647 83
21163648 84
21163649 82
21163650 68
21163651 36
21163652 34
21163653 35
21163654 34
21163655 34
21163656 34
21163657 22
21163658 21
21163659 18
21163660 18
21163661 17
21163662 21
21163663 20
21163664 20
21163665 21
21163666 22
21163667 22
21163668 22
21163669 23
21163670 22
21163671 20
21163672 17
21163673 17
21163674 17
21163675 17
21163676 17
21163677 17
21163678 17
21163679 17
21163680 18
21163681 18
21163682 19
21163683 35
21163684 36
21163685 36
21163686 38
21163687 39
21163688 39
21163689 35
21163690 35
21163691 41
21163692 41
21163693 42
21163694 42
21163695 42
21163696 42
21163697 42
21163698 42
21163699 42
21163700 42
21163701 42
21163702 42
21163703 46
21163704 55
21163705 55
21163706 57
21163707 58
21163708 58
21163709 58
21163710 58
21163711 59
21163712 59
21163713 59
21163714 59
21163715 59
21163716 59
21163717 59
21163718 60
21163719 60
21163720 60
21163721 61
21163722 63
21163723 63
21163724 63
21163725 63
21163726 63
21163727 63
21163728 63
21163729 63
21163730 59
21163731 58
21163732 61
21163733 64
21163734 64
21163735 64
21163736 64
21163737 64
21163738 64
21163739 64
21163740 64
21163741 64
21163742 64
21163743 64
21163744 64
21163745 64
21163746 64
21163747 64
21163748 64
21163749 64
21163750 64
21163751 67
21163752 69
21163753 69
21163754 69
21163755 69
21163756 69
21163757 69
21163758 69
21163759 68
21163760 68
21163761 67
21163762 67
21163763 67
21163764 67
21163765 66
21163766 66
21163767 66
21163768 66
21163769 66
21163770 66
21163771 66
21163772 66
21163773 66
21163774 67
21163775 67
21163776 67
21163777 67
21163778 68
21163779 68
21163780 68
21163781 68
21163782 67
21163783 67
21163784 67
21163785 66
21163786 65
21163787 65
21163788 64
21163789 63
21163790 63
21163791 63
21163792 63
21163793 63
21163794 62
21163795 62
21163796 62
21163797 62
21163798 62
21163799 62
21163800 61
21163801 61
21163802 61
21163803 60
21163804 60
21163805 60
21163806 58
21163807 55
21163808 56
21163809 56
21163810 57
21163811 60
21163812 61
21163813 61
21163814 61
21163815 61
21163816 61
21163817 62
21163818 63
21163819 63
21163820 62
21163821 62
21163822 60
21163823 58
21163824 59
21163825 59
21163826 59
21163827 59
21163828 59
21163829 59
21163830 59
21163831 58
21163832 57
21163833 57
21163834 57
21163835 54
21163836 41
21163837 38
21163838 29
21163839 28
21163840 27
21163841 27
21163842 29
21163843 29
21163844 29
21163845 31
21163846 34
21163847 34
21163848 34
21163849 28
21163850 30
21163851 34
21163852 33
21163853 33
21163854 33
21163855 28
21163856 28
21163857 26
21163858 25
21163859 25
21163860 25
21163861 25
21163862 26
21163863 35
21163864 35
21163865 34
21163866 34
21163867 34
21163868 33
21163869 33
21163870 33
21163871 35
21163872 38
21163873 37
21163874 37
21163875 37
21163876 39
21163877 39
21163878 39
21163879 39
21163880 38
21163881 38
21163882 38
21163883 39
21163884 39
21163885 40
21163886 40
21163887 42
21163888 42
21163889 42
21163890 43
21163891 43
21163892 43
21163893 43
21163894 43
21163895 43
21163896 44
21163897 47
21163898 47
21163899 47
21163900 47
21163901 41
21163902 37
21163903 37
21163904 37
21163905 38
21163906 38
21163907 38
21163908 34
21163909 34
21163910 34
21163911 34
21163912 34
21163913 34
21163914 35
21163915 35
21163916 35
21163917 32
21163918 32
21163919 32
21163920 32
21163921 32
21163922 32
21163923 32
21163924 32
21163925 32
21163926 34
21163927 34
21163928 33
21163929 33
21163930 33
21163931 32
21163932 32
21163933 32
21163934 32
21163935 32
21163936 32
21163937 32
21163938 32
21163939 32
21163940 32
21163941 32
21163942 32
21163943 33
21163944 34
21163945 35
21163946 35
21163947 35
21163948 36
21163949 38
21163950 38
21163951 37
21163952 38
21163953 40
21163954 40
21163955 40
21163956 40
21163957 41
21163958 41
21163959 42
21163960 42
21163961 42
21163962 42
21163963 42
21163964 42
21163965 42
21163966 41
21163967 41
21163968 41
21163969 41
21163970 41
21163971 41
21163972 42
21163973 41
21163974 43
21163975 43
21163976 43
21163977 44
21163978 45
21163979 45
21163980 45
21163981 45
21163982 42
21163983 42
21163984 43
21163985 43
21163986 44
21163987 45
21163988 43
21163989 43
21163990 44
21163991 44
21163992 44
21163993 44
21163994 42
21163995 44
21163996 45
21163997 45
21163998 45
21163999 48
21164000 48
21164001 54
21164002 54
21164003 54
21164004 54
21164005 54
21164006 54
21164007 54
21164008 54
21164009 54
21164010 55
21164011 55
21164012 55
21164013 55
21164014 55
21164015 55
21164016 55
21164017 51
21164018 54
21164019 63
21164020 62
21164021 61
21164022 63
21164023 70
21164024 68
21164025 65
21164026 64
21164027 72
21164028 74
21164029 74
21164030 65
21164031 64
21164032 64
21164033 66
21164034 62
21164035 58
21164036 82
21164037 108
21164038 108
21164039 107
21164040 107
21164041 109
21164042 111
21164043 111
21164044 111
21164045 126
21164046 156
21164047 156
21164048 155
21164049 158
21164050 159
21164051 159
21164052 162
21164053 163
21164054 163
21164055 164
21164056 164
21164057 164
21164058 164
21164059 166
21164060 166
21164061 168
21164062 168
21164063 166
21164064 168
21164065 176
21164066 176
21164067 181
21164068 180
21164069 180
21164070 181
21164071 180
21164072 182
21164073 200
21164074 200
21164075 200
21164076 201
21164077 203
21164078 205
21164079 207
21164080 210
21164081 210
21164082 210
21164083 209
21164084 209
21164085 209
21164086 209
21164087 209
21164088 212
21164089 210
21164090 210
21164091 210
21164092 210
21164093 210
21164094 210
variableStep  chrom=chr2R span=1
21164095 210
21164096 210
21164097 211
21164098 211
21164099 211
21164100 212
21164101 212
21164102 212
21164103 209
21164104 208
21164105 212
21164106 212
21164107 212
21164108 212
21164109 212
21164110 213
